136
102
184
141
129
189
105
147
100
160
191
150
120
147
165
186
185
182
100
150
185
131
167
197
112
189
152
144
115
113
181
113
125
154
104
129
104
123
119
176
162
111
196
160
110
160
174
183
115
151
166
111
164
153
111
127
167
149
138
109
163
164
197
105
176
184
136
188
162
125
125
104
133
146
179
158
106
119
148
131
174
145
127
103
179
199
146
148
154
129
141
126
122
102
180
100
100
104
163
144
138
133
141
120
111
118
199
166
169
123
168
164
186
117
132
159
120
173
175
189
108
117
106
164
139
184
194
105
115
106
134
152
132
162
178
138
143
126
193
124
173
124
1000087
1000218
127
105
164
128
157
141
192
113
127
196
181
183
172
119
146
168
182
113
149
199
196
159
186
107
194
173
154
176
124
139
113
198
186
135
158
145
113
163
148
188
105
117
120
148
110
189
193
182
121
110
109
154
194
123
145
111
197
169
